0 128 100.0 5000
128 0 100.0 5000
1 128 100.0 5000
128 1 100.0 5000
2 128 100.0 5000
128 2 100.0 5000
3 128 100.0 5000
128 3 100.0 5000
4 129 100.0 5000
129 4 100.0 5000
5 129 100.0 5000
129 5 100.0 5000
6 129 100.0 5000
129 6 100.0 5000
7 129 100.0 5000
129 7 100.0 5000
8 130 100.0 5000
130 8 100.0 5000
9 130 100.0 5000
130 9 100.0 5000
10 130 100.0 5000
130 10 100.0 5000
11 130 100.0 5000
130 11 100.0 5000
12 131 100.0 5000
131 12 100.0 5000
13 131 100.0 5000
131 13 100.0 5000
14 131 100.0 5000
131 14 100.0 5000
15 131 100.0 5000
131 15 100.0 5000
16 132 100.0 5000
132 16 100.0 5000
17 132 100.0 5000
132 17 100.0 5000
18 132 100.0 5000
132 18 100.0 5000
19 132 100.0 5000
132 19 100.0 5000
20 133 100.0 5000
133 20 100.0 5000
21 133 100.0 5000
133 21 100.0 5000
22 133 100.0 5000
133 22 100.0 5000
23 133 100.0 5000
133 23 100.0 5000
24 134 100.0 5000
134 24 100.0 5000
25 134 100.0 5000
134 25 100.0 5000
26 134 100.0 5000
134 26 100.0 5000
27 134 100.0 5000
134 27 100.0 5000
28 135 100.0 5000
135 28 100.0 5000
29 135 100.0 5000
135 29 100.0 5000
30 135 100.0 5000
135 30 100.0 5000
31 135 100.0 5000
135 31 100.0 5000
32 136 100.0 5000
136 32 100.0 5000
33 136 100.0 5000
136 33 100.0 5000
34 136 100.0 5000
136 34 100.0 5000
35 136 100.0 5000
136 35 100.0 5000
36 137 100.0 5000
137 36 100.0 5000
37 137 100.0 5000
137 37 100.0 5000
38 137 100.0 5000
137 38 100.0 5000
39 137 100.0 5000
137 39 100.0 5000
40 138 100.0 5000
138 40 100.0 5000
41 138 100.0 5000
138 41 100.0 5000
42 138 100.0 5000
138 42 100.0 5000
43 138 100.0 5000
138 43 100.0 5000
44 139 100.0 5000
139 44 100.0 5000
45 139 100.0 5000
139 45 100.0 5000
46 139 100.0 5000
139 46 100.0 5000
47 139 100.0 5000
139 47 100.0 5000
48 140 100.0 5000
140 48 100.0 5000
49 140 100.0 5000
140 49 100.0 5000
50 140 100.0 5000
140 50 100.0 5000
51 140 100.0 5000
140 51 100.0 5000
52 141 100.0 5000
141 52 100.0 5000
53 141 100.0 5000
141 53 100.0 5000
54 141 100.0 5000
141 54 100.0 5000
55 141 100.0 5000
141 55 100.0 5000
56 142 100.0 5000
142 56 100.0 5000
57 142 100.0 5000
142 57 100.0 5000
58 142 100.0 5000
142 58 100.0 5000
59 142 100.0 5000
142 59 100.0 5000
60 143 100.0 5000
143 60 100.0 5000
61 143 100.0 5000
143 61 100.0 5000
62 143 100.0 5000
143 62 100.0 5000
63 143 100.0 5000
143 63 100.0 5000
64 144 100.0 5000
144 64 100.0 5000
65 144 100.0 5000
144 65 100.0 5000
66 144 100.0 5000
144 66 100.0 5000
67 144 100.0 5000
144 67 100.0 5000
68 145 100.0 5000
145 68 100.0 5000
69 145 100.0 5000
145 69 100.0 5000
70 145 100.0 5000
145 70 100.0 5000
71 145 100.0 5000
145 71 100.0 5000
72 146 100.0 5000
146 72 100.0 5000
73 146 100.0 5000
146 73 100.0 5000
74 146 100.0 5000
146 74 100.0 5000
75 146 100.0 5000
146 75 100.0 5000
76 147 100.0 5000
147 76 100.0 5000
77 147 100.0 5000
147 77 100.0 5000
78 147 100.0 5000
147 78 100.0 5000
79 147 100.0 5000
147 79 100.0 5000
80 148 100.0 5000
148 80 100.0 5000
81 148 100.0 5000
148 81 100.0 5000
82 148 100.0 5000
148 82 100.0 5000
83 148 100.0 5000
148 83 100.0 5000
84 149 100.0 5000
149 84 100.0 5000
85 149 100.0 5000
149 85 100.0 5000
86 149 100.0 5000
149 86 100.0 5000
87 149 100.0 5000
149 87 100.0 5000
88 150 100.0 5000
150 88 100.0 5000
89 150 100.0 5000
150 89 100.0 5000
90 150 100.0 5000
150 90 100.0 5000
91 150 100.0 5000
150 91 100.0 5000
92 151 100.0 5000
151 92 100.0 5000
93 151 100.0 5000
151 93 100.0 5000
94 151 100.0 5000
151 94 100.0 5000
95 151 100.0 5000
151 95 100.0 5000
96 152 100.0 5000
152 96 100.0 5000
97 152 100.0 5000
152 97 100.0 5000
98 152 100.0 5000
152 98 100.0 5000
99 152 100.0 5000
152 99 100.0 5000
100 153 100.0 5000
153 100 100.0 5000
101 153 100.0 5000
153 101 100.0 5000
102 153 100.0 5000
153 102 100.0 5000
103 153 100.0 5000
153 103 100.0 5000
104 154 100.0 5000
154 104 100.0 5000
105 154 100.0 5000
154 105 100.0 5000
106 154 100.0 5000
154 106 100.0 5000
107 154 100.0 5000
154 107 100.0 5000
108 155 100.0 5000
155 108 100.0 5000
109 155 100.0 5000
155 109 100.0 5000
110 155 100.0 5000
155 110 100.0 5000
111 155 100.0 5000
155 111 100.0 5000
112 156 100.0 5000
156 112 100.0 5000
113 156 100.0 5000
156 113 100.0 5000
114 156 100.0 5000
156 114 100.0 5000
115 156 100.0 5000
156 115 100.0 5000
116 157 100.0 5000
157 116 100.0 5000
117 157 100.0 5000
157 117 100.0 5000
118 157 100.0 5000
157 118 100.0 5000
119 157 100.0 5000
157 119 100.0 5000
120 158 100.0 5000
158 120 100.0 5000
121 158 100.0 5000
158 121 100.0 5000
122 158 100.0 5000
158 122 100.0 5000
123 158 100.0 5000
158 123 100.0 5000
124 159 100.0 5000
159 124 100.0 5000
125 159 100.0 5000
159 125 100.0 5000
126 159 100.0 5000
159 126 100.0 5000
127 159 100.0 5000
159 127 100.0 5000
128 160 100.0 5000
160 128 100.0 5000
128 161 100.0 5000
161 128 100.0 5000
128 162 100.0 5000
162 128 100.0 5000
128 163 100.0 5000
163 128 100.0 5000
129 160 100.0 5000
160 129 100.0 5000
129 161 100.0 5000
161 129 100.0 5000
129 162 100.0 5000
162 129 100.0 5000
129 163 100.0 5000
163 129 100.0 5000
130 160 100.0 5000
160 130 100.0 5000
130 161 100.0 5000
161 130 100.0 5000
130 162 100.0 5000
162 130 100.0 5000
130 163 100.0 5000
163 130 100.0 5000
131 160 100.0 5000
160 131 100.0 5000
131 161 100.0 5000
161 131 100.0 5000
131 162 100.0 5000
162 131 100.0 5000
131 163 100.0 5000
163 131 100.0 5000
132 164 100.0 5000
164 132 100.0 5000
132 165 100.0 5000
165 132 100.0 5000
132 166 100.0 5000
166 132 100.0 5000
132 167 100.0 5000
167 132 100.0 5000
133 164 100.0 5000
164 133 100.0 5000
133 165 100.0 5000
165 133 100.0 5000
133 166 100.0 5000
166 133 100.0 5000
133 167 100.0 5000
167 133 100.0 5000
134 164 100.0 5000
164 134 100.0 5000
134 165 100.0 5000
165 134 100.0 5000
134 166 100.0 5000
166 134 100.0 5000
134 167 100.0 5000
167 134 100.0 5000
135 164 100.0 5000
164 135 100.0 5000
135 165 100.0 5000
165 135 100.0 5000
135 166 100.0 5000
166 135 100.0 5000
135 167 100.0 5000
167 135 100.0 5000
136 168 100.0 5000
168 136 100.0 5000
136 169 100.0 5000
169 136 100.0 5000
136 170 100.0 5000
170 136 100.0 5000
136 171 100.0 5000
171 136 100.0 5000
137 168 100.0 5000
168 137 100.0 5000
137 169 100.0 5000
169 137 100.0 5000
137 170 100.0 5000
170 137 100.0 5000
137 171 100.0 5000
171 137 100.0 5000
138 168 100.0 5000
168 138 100.0 5000
138 169 100.0 5000
169 138 100.0 5000
138 170 100.0 5000
170 138 100.0 5000
138 171 100.0 5000
171 138 100.0 5000
139 168 100.0 5000
168 139 100.0 5000
139 169 100.0 5000
169 139 100.0 5000
139 170 100.0 5000
170 139 100.0 5000
139 171 100.0 5000
171 139 100.0 5000
140 172 100.0 5000
172 140 100.0 5000
140 173 100.0 5000
173 140 100.0 5000
140 174 100.0 5000
174 140 100.0 5000
140 175 100.0 5000
175 140 100.0 5000
141 172 100.0 5000
172 141 100.0 5000
141 173 100.0 5000
173 141 100.0 5000
141 174 100.0 5000
174 141 100.0 5000
141 175 100.0 5000
175 141 100.0 5000
142 172 100.0 5000
172 142 100.0 5000
142 173 100.0 5000
173 142 100.0 5000
142 174 100.0 5000
174 142 100.0 5000
142 175 100.0 5000
175 142 100.0 5000
143 172 100.0 5000
172 143 100.0 5000
143 173 100.0 5000
173 143 100.0 5000
143 174 100.0 5000
174 143 100.0 5000
143 175 100.0 5000
175 143 100.0 5000
144 176 100.0 5000
176 144 100.0 5000
144 177 100.0 5000
177 144 100.0 5000
144 178 100.0 5000
178 144 100.0 5000
144 179 100.0 5000
179 144 100.0 5000
145 176 100.0 5000
176 145 100.0 5000
145 177 100.0 5000
177 145 100.0 5000
145 178 100.0 5000
178 145 100.0 5000
145 179 100.0 5000
179 145 100.0 5000
146 176 100.0 5000
176 146 100.0 5000
146 177 100.0 5000
177 146 100.0 5000
146 178 100.0 5000
178 146 100.0 5000
146 179 100.0 5000
179 146 100.0 5000
147 176 100.0 5000
176 147 100.0 5000
147 177 100.0 5000
177 147 100.0 5000
147 178 100.0 5000
178 147 100.0 5000
147 179 100.0 5000
179 147 100.0 5000
148 180 100.0 5000
180 148 100.0 5000
148 181 100.0 5000
181 148 100.0 5000
148 182 100.0 5000
182 148 100.0 5000
148 183 100.0 5000
183 148 100.0 5000
149 180 100.0 5000
180 149 100.0 5000
149 181 100.0 5000
181 149 100.0 5000
149 182 100.0 5000
182 149 100.0 5000
149 183 100.0 5000
183 149 100.0 5000
150 180 100.0 5000
180 150 100.0 5000
150 181 100.0 5000
181 150 100.0 5000
150 182 100.0 5000
182 150 100.0 5000
150 183 100.0 5000
183 150 100.0 5000
151 180 100.0 5000
180 151 100.0 5000
151 181 100.0 5000
181 151 100.0 5000
151 182 100.0 5000
182 151 100.0 5000
151 183 100.0 5000
183 151 100.0 5000
152 184 100.0 5000
184 152 100.0 5000
152 185 100.0 5000
185 152 100.0 5000
152 186 100.0 5000
186 152 100.0 5000
152 187 100.0 5000
187 152 100.0 5000
153 184 100.0 5000
184 153 100.0 5000
153 185 100.0 5000
185 153 100.0 5000
153 186 100.0 5000
186 153 100.0 5000
153 187 100.0 5000
187 153 100.0 5000
154 184 100.0 5000
184 154 100.0 5000
154 185 100.0 5000
185 154 100.0 5000
154 186 100.0 5000
186 154 100.0 5000
154 187 100.0 5000
187 154 100.0 5000
155 184 100.0 5000
184 155 100.0 5000
155 185 100.0 5000
185 155 100.0 5000
155 186 100.0 5000
186 155 100.0 5000
155 187 100.0 5000
187 155 100.0 5000
156 188 100.0 5000
188 156 100.0 5000
156 189 100.0 5000
189 156 100.0 5000
156 190 100.0 5000
190 156 100.0 5000
156 191 100.0 5000
191 156 100.0 5000
157 188 100.0 5000
188 157 100.0 5000
157 189 100.0 5000
189 157 100.0 5000
157 190 100.0 5000
190 157 100.0 5000
157 191 100.0 5000
191 157 100.0 5000
158 188 100.0 5000
188 158 100.0 5000
158 189 100.0 5000
189 158 100.0 5000
158 190 100.0 5000
190 158 100.0 5000
158 191 100.0 5000
191 158 100.0 5000
159 188 100.0 5000
188 159 100.0 5000
159 189 100.0 5000
189 159 100.0 5000
159 190 100.0 5000
190 159 100.0 5000
159 191 100.0 5000
191 159 100.0 5000
160 192 100.0 5000
192 160 100.0 5000
160 193 100.0 5000
193 160 100.0 5000
160 194 100.0 5000
194 160 100.0 5000
160 195 100.0 5000
195 160 100.0 5000
161 196 100.0 5000
196 161 100.0 5000
161 197 100.0 5000
197 161 100.0 5000
161 198 100.0 5000
198 161 100.0 5000
161 199 100.0 5000
199 161 100.0 5000
162 200 100.0 5000
200 162 100.0 5000
162 201 100.0 5000
201 162 100.0 5000
162 202 100.0 5000
202 162 100.0 5000
162 203 100.0 5000
203 162 100.0 5000
163 204 100.0 5000
204 163 100.0 5000
163 205 100.0 5000
205 163 100.0 5000
163 206 100.0 5000
206 163 100.0 5000
163 207 100.0 5000
207 163 100.0 5000
164 192 100.0 5000
192 164 100.0 5000
164 193 100.0 5000
193 164 100.0 5000
164 194 100.0 5000
194 164 100.0 5000
164 195 100.0 5000
195 164 100.0 5000
165 196 100.0 5000
196 165 100.0 5000
165 197 100.0 5000
197 165 100.0 5000
165 198 100.0 5000
198 165 100.0 5000
165 199 100.0 5000
199 165 100.0 5000
166 200 100.0 5000
200 166 100.0 5000
166 201 100.0 5000
201 166 100.0 5000
166 202 100.0 5000
202 166 100.0 5000
166 203 100.0 5000
203 166 100.0 5000
167 204 100.0 5000
204 167 100.0 5000
167 205 100.0 5000
205 167 100.0 5000
167 206 100.0 5000
206 167 100.0 5000
167 207 100.0 5000
207 167 100.0 5000
168 192 100.0 5000
192 168 100.0 5000
168 193 100.0 5000
193 168 100.0 5000
168 194 100.0 5000
194 168 100.0 5000
168 195 100.0 5000
195 168 100.0 5000
169 196 100.0 5000
196 169 100.0 5000
169 197 100.0 5000
197 169 100.0 5000
169 198 100.0 5000
198 169 100.0 5000
169 199 100.0 5000
199 169 100.0 5000
170 200 100.0 5000
200 170 100.0 5000
170 201 100.0 5000
201 170 100.0 5000
170 202 100.0 5000
202 170 100.0 5000
170 203 100.0 5000
203 170 100.0 5000
171 204 100.0 5000
204 171 100.0 5000
171 205 100.0 5000
205 171 100.0 5000
171 206 100.0 5000
206 171 100.0 5000
171 207 100.0 5000
207 171 100.0 5000
172 192 100.0 5000
192 172 100.0 5000
172 193 100.0 5000
193 172 100.0 5000
172 194 100.0 5000
194 172 100.0 5000
172 195 100.0 5000
195 172 100.0 5000
173 196 100.0 5000
196 173 100.0 5000
173 197 100.0 5000
197 173 100.0 5000
173 198 100.0 5000
198 173 100.0 5000
173 199 100.0 5000
199 173 100.0 5000
174 200 100.0 5000
200 174 100.0 5000
174 201 100.0 5000
201 174 100.0 5000
174 202 100.0 5000
202 174 100.0 5000
174 203 100.0 5000
203 174 100.0 5000
175 204 100.0 5000
204 175 100.0 5000
175 205 100.0 5000
205 175 100.0 5000
175 206 100.0 5000
206 175 100.0 5000
175 207 100.0 5000
207 175 100.0 5000
176 192 100.0 5000
192 176 100.0 5000
176 193 100.0 5000
193 176 100.0 5000
176 194 100.0 5000
194 176 100.0 5000
176 195 100.0 5000
195 176 100.0 5000
177 196 100.0 5000
196 177 100.0 5000
177 197 100.0 5000
197 177 100.0 5000
177 198 100.0 5000
198 177 100.0 5000
177 199 100.0 5000
199 177 100.0 5000
178 200 100.0 5000
200 178 100.0 5000
178 201 100.0 5000
201 178 100.0 5000
178 202 100.0 5000
202 178 100.0 5000
178 203 100.0 5000
203 178 100.0 5000
179 204 100.0 5000
204 179 100.0 5000
179 205 100.0 5000
205 179 100.0 5000
179 206 100.0 5000
206 179 100.0 5000
179 207 100.0 5000
207 179 100.0 5000
180 192 100.0 5000
192 180 100.0 5000
180 193 100.0 5000
193 180 100.0 5000
180 194 100.0 5000
194 180 100.0 5000
180 195 100.0 5000
195 180 100.0 5000
181 196 100.0 5000
196 181 100.0 5000
181 197 100.0 5000
197 181 100.0 5000
181 198 100.0 5000
198 181 100.0 5000
181 199 100.0 5000
199 181 100.0 5000
182 200 100.0 5000
200 182 100.0 5000
182 201 100.0 5000
201 182 100.0 5000
182 202 100.0 5000
202 182 100.0 5000
182 203 100.0 5000
203 182 100.0 5000
183 204 100.0 5000
204 183 100.0 5000
183 205 100.0 5000
205 183 100.0 5000
183 206 100.0 5000
206 183 100.0 5000
183 207 100.0 5000
207 183 100.0 5000
184 192 100.0 5000
192 184 100.0 5000
184 193 100.0 5000
193 184 100.0 5000
184 194 100.0 5000
194 184 100.0 5000
184 195 100.0 5000
195 184 100.0 5000
185 196 100.0 5000
196 185 100.0 5000
185 197 100.0 5000
197 185 100.0 5000
185 198 100.0 5000
198 185 100.0 5000
185 199 100.0 5000
199 185 100.0 5000
186 200 100.0 5000
200 186 100.0 5000
186 201 100.0 5000
201 186 100.0 5000
186 202 100.0 5000
202 186 100.0 5000
186 203 100.0 5000
203 186 100.0 5000
187 204 100.0 5000
204 187 100.0 5000
187 205 100.0 5000
205 187 100.0 5000
187 206 100.0 5000
206 187 100.0 5000
187 207 100.0 5000
207 187 100.0 5000
188 192 100.0 5000
192 188 100.0 5000
188 193 100.0 5000
193 188 100.0 5000
188 194 100.0 5000
194 188 100.0 5000
188 195 100.0 5000
195 188 100.0 5000
189 196 100.0 5000
196 189 100.0 5000
189 197 100.0 5000
197 189 100.0 5000
189 198 100.0 5000
198 189 100.0 5000
189 199 100.0 5000
199 189 100.0 5000
190 200 100.0 5000
200 190 100.0 5000
190 201 100.0 5000
201 190 100.0 5000
190 202 100.0 5000
202 190 100.0 5000
190 203 100.0 5000
203 190 100.0 5000
191 204 100.0 5000
204 191 100.0 5000
191 205 100.0 5000
205 191 100.0 5000
191 206 100.0 5000
206 191 100.0 5000
191 207 100.0 5000
207 191 100.0 5000
